1.00000000
16.0000000
32000.0000
0.00003527
0.03527396
35.2739619
35273.9619
0.06250000
1.00000000
2000.00000
0.00000220
0.00220462
2.20462262
2204.62262
0.00003125
0.00050000
1.00000000
0.00000000
0.00000110
0.00110231
1.10231131
28349.5231
453592.370
9071847400
1.00000000
1000.00000
1000000.00
1000000000
28.3495231
453.592370
907184.740
0.00100000
1.00000000
1000.00000
1000000.00
0.02834952
0.45359237
907.184740
0.00000100
0.00100000
1.00000000
1000.00000
0.00002835
0.00045359
0.90718474
0.00000000
0.00000100
0.00100000
1.00000000