1.00000000
12.0000000
36.0000000
63360.0000
0.39370078
39.3700787
39370.0787
0.08333333
1.00000000
3.00000000
5280.00000
0.03280840
3.28083990
3280.83990
0.02777778
0.33333333
1.00000000
1760.00000
0.01093613
1.09361330
1093.61330
0.00001578
0.00018939
0.00056818
1.00000000
0.00000621
0.00062137
0.62136887
2.54000000
30.4800000
91.4400000
160935.000
1.00000000
100.000000
100000.000
0.02540000
0.30480000
0.91440000
1609.35000
0.01000000
1.00000000
1000.00000
0.00002540
0.00030480
0.00091440
1.60935000
0.00001000
0.00100000
1.00000000

